744,0
87939,0.349333
47655,0.451243
28019,0.657839
29842,0.720595
24105,0.722174
53248,0.730769
112994,0.770306
84247,0.777903
24033,0.809554
112994,0.815619
12456,0.822094
36864,0.833333
8192,0.875
36864,0.888889
12456,0.904303
77824,0.907895
82752,0.928074
24115,0.93419
77824,0.960526
14808,0.968125
16812,0.974542
24115,0.976654
53248,0.980769
8192,1
8192,1
8192,1
8192,1
8192,1
16001,1.02394
8192,1.125
9834,1.14541
77824,1.18421
82752,1.18794
55507,1.21758
12463,1.23245
12268,1.33551
9834,1.35367
12268,1.41898
9834,1.4578
8411,1.46094
8192,1.5
4096,1.5
8192,1.5
5806,1.58732
10203,1.6058
8192,1.625
8411,1.70443
5806,1.76369
5806,1.76369
7391,1.80111
3928,1.82485
10062,1.83184
10062,1.83184
10062,1.83184
546103,1.83948
10008,1.84173
8411,1.94793
8411,1.94793
8411,1.94793
8411,1.94793
4096,2
10162,2.01535
10062,2.03538
5912,2.07848
3928,2.08554
7343,2.09179
5806,2.11643
3275,2.1887
4095,2.25055
7276,2.25179
8571,2.26998
3840,2.4
3840,2.4
3396,2.41225
5911,2.42531
11673,2.45627
3649,2.52562
3649,2.52562
6354,2.57853
3396,2.71378
4147,2.71618
4123,2.73199
2995,2.73523
3275,2.81405
8192,2.875
12456,2.87733
4254,2.88858
4147,2.96311
4123,2.98035
3679,3.0617
4254,3.12929
3090,3.31392
8029,3.31598
12636,3.32257
3638,3.37768
2995,3.41903
3583,3.42953
2017,3.55379
3679,3.61837
832,3.69231
2995,3.76093
2995,3.76093
12076,3.81583
2145,3.81911
10062,3.86722
2306,3.99653
220871142,4.03768
2017,4.06148
1246,4.10915
1246,4.10915
3183,4.18222
5806,4.23286
2139,4.30856
6163,4.31997
3708,4.41855
2072,4.44788
2649,4.63873
832,4.92308
832,4.92308
832,4.92308
832,4.92308
832,4.92308
832,4.92308
832,4.92308
832,4.92308
832,4.92308
832,4.92308
832,4.92308
832,4.92308
832,4.92308
832,4.92308
832,4.92308
832,4.92308
832,4.92308
832,4.92308
832,4.92308
832,4.92308
832,4.92308
832,4.92308
832,4.92308
832,4.92308
832,4.92308
832,4.92308
832,4.92308
832,4.92308
832,4.92308
832,4.92308
832,4.92308
832,4.92308
832,4.92308
832,4.92308
832,4.92308
832,4.92308
832,4.92308
832,4.92308
832,4.92308
832,4.92308
832,4.92308
832,4.92308
832,4.92308
832,4.92308
832,4.92308
832,4.92308
832,4.92308
832,4.92308
832,4.92308
832,4.92308
832,4.92308
832,4.92308
832,4.92308
832,4.92308
832,4.92308
832,4.92308
832,4.92308
832,4.92308
832,4.92308
832,4.92308
832,4.92308
832,4.92308
832,4.92308
832,4.92308
832,4.92308
832,4.92308
832,4.92308
832,4.92308
832,4.92308
832,4.92308
832,4.92308
832,4.92308
832,4.92308
832,4.92308
832,4.92308
832,4.92308
832,4.92308
832,4.92308
1246,4.93098
1246,4.93098
1246,4.93098
1246,4.93098
2072,4.94208
1814,5.08049
2145,5.25128
2067,5.44944
3443,5.65089
1246,5.75281
1246,5.75281
1246,5.75281
1246,5.75281
1246,5.75281
2290,5.8131
3443,5.9483
1191,6.01847
832,6.15385
832,6.15385
832,6.15385
832,6.15385
832,6.15385
832,6.15385
832,6.15385
832,6.15385
832,6.15385
832,6.15385
832,6.15385
832,6.15385
832,6.15385
832,6.15385
832,6.15385
832,6.15385
832,6.15385
832,6.15385
832,6.15385
832,6.15385
832,6.15385
832,6.15385
832,6.15385
832,6.15385
832,6.15385
832,6.15385
832,6.15385
832,6.15385
832,6.15385
832,6.15385
832,6.15385
832,6.15385
832,6.15385
832,6.15385
832,6.15385
832,6.15385
832,6.15385
832,6.15385
832,6.15385
832,6.15385
832,6.15385
832,6.15385
832,6.15385
832,6.15385
832,6.15385
832,6.15385
832,6.15385
832,6.15385
832,6.15385
832,6.15385
832,6.15385
832,6.15385
832,6.15385
832,6.15385
832,6.15385
832,6.15385
832,6.15385
832,6.15385
832,6.15385
832,6.15385
832,6.15385
832,6.15385
832,6.15385
832,6.15385
832,6.15385
832,6.15385
832,6.15385
832,6.15385
832,6.15385
832,6.15385
832,6.15385
832,6.15385
832,6.15385
832,6.15385
832,6.15385
832,6.15385
832,6.15385
832,6.15385
832,6.15385
832,6.15385
832,6.15385
832,6.15385
832,6.15385
832,6.15385
832,6.15385
832,6.15385
832,6.15385
832,6.15385
832,6.15385
832,6.15385
832,6.15385
832,6.15385
832,6.15385
832,6.15385
832,6.15385
832,6.15385
832,6.15385
832,6.15385
832,6.15385
832,6.15385
832,6.15385
832,6.15385
832,6.15385
832,6.15385
832,6.15385
832,6.15385
832,6.15385
832,6.15385
832,6.15385
832,6.15385
832,6.15385
832,6.15385
832,6.15385
832,6.15385
832,6.15385
832,6.15385
832,6.15385
832,6.15385
832,6.15385
832,6.15385
832,6.15385
832,6.15385
832,6.15385
832,6.15385
832,6.15385
832,6.15385
832,6.15385
832,6.15385
832,6.15385
832,6.15385
832,6.15385
832,6.15385
832,6.15385
832,6.15385
832,6.15385
832,6.15385
832,6.15385
832,6.15385
832,6.15385
832,6.15385
832,6.15385
832,6.15385
832,6.15385
832,6.15385
832,6.15385
832,6.15385
832,6.15385
832,6.15385
832,6.15385
832,6.15385
832,6.15385
832,6.15385
832,6.15385
832,6.15385
832,6.15385
832,6.15385
832,6.15385
832,6.15385
832,6.15385
832,6.15385
832,6.15385
832,6.15385
832,6.15385
832,6.15385
832,6.15385
832,6.15385
832,6.15385
832,6.15385
832,6.15385
832,6.15385
832,6.15385
832,6.15385
832,6.15385
832,6.15385
832,6.15385
832,6.15385
832,6.15385
832,6.15385
832,6.15385
832,6.15385
832,6.15385
832,6.15385
832,6.15385
832,6.15385
832,6.15385
832,6.15385
832,6.15385
832,6.15385
832,6.15385
832,6.15385
832,6.15385
832,6.15385
832,6.15385
832,6.15385
832,6.15385
832,6.15385
832,6.15385
832,6.15385
832,6.15385
832,6.15385
832,6.15385
832,6.15385
832,6.15385
832,6.15385
832,6.15385
832,6.15385
832,6.15385
832,6.15385
832,6.15385
832,6.15385
832,6.15385
832,6.15385
832,6.15385
832,6.15385
832,6.15385
832,6.15385
832,6.15385
832,6.15385
832,6.15385
832,6.15385
832,6.15385
832,6.15385
832,6.15385
832,6.15385
832,6.15385
832,6.15385
832,6.15385
832,6.15385
832,6.15385
832,6.15385
832,6.15385
832,6.15385
832,6.15385
832,6.15385
832,6.15385
832,6.15385
832,6.15385
832,6.15385
832,6.15385
832,6.15385
832,6.15385
832,6.15385
832,6.15385
832,6.15385
832,6.15385
832,6.15385
832,6.15385
832,6.15385
832,6.15385
832,6.15385
832,6.15385
832,6.15385
832,6.15385
832,6.15385
832,6.15385
832,6.15385
832,6.15385
832,6.15385
832,6.15385
832,6.15385
832,6.15385
832,6.15385
832,6.15385
832,6.15385
832,6.15385
832,6.15385
832,6.15385
832,6.15385
832,6.15385
832,6.15385
832,6.15385
832,6.15385
832,6.15385
832,6.15385
832,6.15385
832,6.15385
832,6.15385
832,6.15385
832,6.15385
832,6.15385
832,6.15385
832,6.15385
832,6.15385
832,6.15385
832,6.15385
832,6.15385
832,6.15385
832,6.15385
832,6.15385
832,6.15385
832,6.15385
832,6.15385
832,6.15385
832,6.15385
832,6.15385
832,6.15385
832,6.15385
832,6.15385
832,6.15385
832,6.15385
832,6.15385
832,6.15385
832,6.15385
832,6.15385
832,6.15385
832,6.15385
832,6.15385
832,6.15385
832,6.15385
832,6.15385
832,6.15385
832,6.15385
832,6.15385
832,6.15385
832,6.15385
832,6.15385
832,6.15385
832,6.15385
832,6.15385
832,6.15385
832,6.15385
832,6.15385
832,6.15385
832,6.15385
832,6.15385
832,6.15385
832,6.15385
832,6.15385
832,6.15385
832,6.15385
832,6.15385
832,6.15385
832,6.15385
832,6.15385
832,6.15385
832,6.15385
832,6.15385
832,6.15385
832,6.15385
832,6.15385
832,6.15385
832,6.15385
832,6.15385
832,6.15385
832,6.15385
832,6.15385
832,6.15385
832,6.15385
832,6.15385
832,6.15385
832,6.15385
832,6.15385
832,6.15385
832,6.15385
832,6.15385
832,6.15385
832,6.15385
832,6.15385
1611,6.3563
1246,6.57464
1246,6.57464
1246,6.57464
1246,6.57464
1246,6.57464
1083,6.61865
3183,6.75589
5048,6.89699
832,7.38462
832,7.38462
832,7.38462
832,7.38462
832,7.38462
832,7.38462
832,7.38462
832,7.38462
832,7.38462
832,7.38462
832,7.38462
832,7.38462
832,7.38462
832,7.38462
832,7.38462
832,7.38462
832,7.38462
832,7.38462
832,7.38462
832,7.38462
832,7.38462
832,7.38462
832,7.38462
832,7.38462
832,7.38462
832,7.38462
832,7.38462
832,7.38462
832,7.38462
832,7.38462
832,7.38462
832,7.38462
832,7.38462
832,7.38462
832,7.38462
832,7.38462
832,7.38462
832,7.38462
832,7.38462
832,7.38462
832,7.38462
832,7.38462
832,7.38462
832,7.38462
832,7.38462
832,7.38462
832,7.38462
832,7.38462
832,7.38462
832,7.38462
832,7.38462
832,7.38462
832,7.38462
832,7.38462
832,7.38462
832,7.38462
832,7.38462
832,7.38462
832,7.38462
832,7.38462
832,7.38462
832,7.38462
832,7.38462
832,7.38462
832,7.38462
832,7.38462
832,7.38462
832,7.38462
832,7.38462
832,7.38462
832,7.38462
832,7.38462
832,7.38462
832,7.38462
832,7.38462
832,7.38462
832,7.38462
832,7.38462
832,7.38462
832,7.38462
832,7.38462
832,7.38462
832,7.38462
832,7.38462
832,7.38462
832,7.38462
832,7.38462
832,7.38462
832,7.38462
832,7.38462
832,7.38462
832,7.38462
832,7.38462
832,7.38462
832,7.38462
832,7.38462
832,7.38462
832,7.38462
832,7.38462
832,7.38462
832,7.38462
832,7.38462
832,7.38462
832,7.38462
832,7.38462
832,7.38462
832,7.38462
832,7.38462
832,7.38462
832,7.38462
832,7.38462
1246,7.39647
1246,7.39647
1246,7.39647
1083,7.56417
2290,7.60175
2890,7.79516
1032,7.93798
1024,8
891,8.04489
41309,8.20509
1246,8.2183
1246,8.2183
2995,8.54758
832,8.61538
832,8.61538
832,8.61538
832,8.61538
832,8.61538
832,8.61538
832,8.61538
832,8.61538
832,8.61538
832,8.61538
832,8.61538
832,8.61538
832,8.61538
832,8.61538
832,8.61538
832,8.61538
832,8.61538
832,8.61538
832,8.61538
832,8.61538
832,8.61538
832,8.61538
832,8.61538
832,8.61538
832,8.61538
832,8.61538
832,8.61538
832,8.61538
832,8.61538
832,8.61538
832,8.61538
832,8.61538
832,8.61538
832,8.61538
832,8.61538
832,8.61538
832,8.61538
832,8.61538
832,8.61538
832,8.61538
832,8.61538
832,8.61538
832,8.61538
832,8.61538
832,8.61538
832,8.61538
832,8.61538
832,8.61538
832,8.61538
832,8.61538
832,8.61538
1032,8.93023
1945,8.95013
899,9.11235
899,9.11235
2763,9.26529
1097,9.33455
2995,9.57329
733,9.77899
1256,9.78344
832,9.84615
832,9.84615
832,9.84615
832,9.84615
832,9.84615
832,9.84615
832,9.84615
832,9.84615
832,9.84615
832,9.84615
832,9.84615
832,9.84615
832,9.84615
832,9.84615
832,9.84615
832,9.84615
832,9.84615
832,9.84615
832,9.84615
832,9.84615
832,9.84615
1246,9.86196
1032,9.92248
5835,10.0031
708,10.1243
891,10.3434
785,10.4357
81866,10.557
969,10.5676
855,10.7789
832,11.0769
832,11.0769
832,11.0769
832,11.0769
832,11.0769
832,11.0769
832,11.0769
832,11.0769
832,11.0769
832,11.0769
832,11.0769
832,11.0769
832,11.0769
832,11.0769
832,11.0769
832,11.0769
832,11.0769
832,11.0769
832,11.0769
832,11.0769
832,11.0769
832,11.0769
832,11.0769
832,11.0769
832,11.0769
832,11.0769
832,11.0769
832,11.0769
1369,11.2199
1369,11.2199
1367,11.2363
1362,11.2775
2510,11.4231
1246,11.5056
1246,11.5056
710,11.538
710,11.538
1371,11.9504
1370,11.9591
1369,11.9679
1369,11.9679
1369,11.9679
1369,11.9679
1369,11.9679
1369,11.9679
1369,11.9679
1369,11.9679
1368,11.9766
1368,11.9766
1368,11.9766
1368,11.9766
1367,11.9854
1367,11.9854
1367,11.9854
1367,11.9854
1367,11.9854
1367,11.9854
1367,11.9854
1367,11.9854
1367,11.9854
1367,11.9854
1364,12.0117
1363,12.0205
1363,12.0205
1362,12.0294
1362,12.0294
1362,12.0294
1362,12.0294
933,12.0729
832,12.3077
832,12.3077
832,12.3077
832,12.3077
832,12.3077
832,12.3077
832,12.3077
832,12.3077
832,12.3077
832,12.3077
832,12.3077
832,12.3077
832,12.3077
832,12.3077
1246,12.3274
741,12.4372
741,12.4372
802430,12.5788
37241,12.6209
2995,12.6504
1371,12.6973
1370,12.7066
1370,12.7066
1370,12.7066
1370,12.7066
1370,12.7066
1369,12.7159
1369,12.7159
1369,12.7159
1369,12.7159
1369,12.7159
1368,12.7251
1368,12.7251
1368,12.7251
1368,12.7251
1368,12.7251
1368,12.7251
1368,12.7251
1368,12.7251
1368,12.7251
1367,12.7345
1367,12.7345
1367,12.7345
1367,12.7345
1367,12.7345
1367,12.7345
1367,12.7345
1367,12.7345
1367,12.7345
1367,12.7345
1367,12.7345
1367,12.7345
1367,12.7345
1367,12.7345
1367,12.7345
1367,12.7345
1367,12.7345
1367,12.7345
1367,12.7345
1367,12.7345
1367,12.7345
1367,12.7345
1367,12.7345
1366,12.7438
1363,12.7718
1363,12.7718
1363,12.7718
1363,12.7718
1363,12.7718
1362,12.7812
1362,12.7812
1362,12.7812
1362,12.7812
1362,12.7812
1361,12.7906
1361,12.7906
1361,12.7906
640,12.8
719,12.8178
1347,12.9235
633,12.9415
710,12.9803
710,12.9803
710,12.9803
710,12.9803
710,12.9803
785,13.0446
623,13.1493
1371,13.4442
1371,13.4442
1370,13.454
1370,13.454
1370,13.454
1370,13.454
1370,13.454
1370,13.454
1370,13.454
1370,13.454
1370,13.454
1369,13.4638
1369,13.4638
1369,13.4638
1369,13.4638
1369,13.4638
1369,13.4638
1369,13.4638
1369,13.4638
1369,13.4638
1368,13.4737
1368,13.4737
1368,13.4737
1368,13.4737
1368,13.4737
1368,13.4737
1368,13.4737
1368,13.4737
1368,13.4737
1368,13.4737
1368,13.4737
1368,13.4737
1368,13.4737
1367,13.4835
1367,13.4835
1367,13.4835
1367,13.4835
1367,13.4835
1367,13.4835
1367,13.4835
1367,13.4835
1367,13.4835
1367,13.4835
1367,13.4835
1367,13.4835
1367,13.4835
1367,13.4835
1367,13.4835
1367,13.4835
1367,13.4835
1367,13.4835
1367,13.4835
1367,13.4835
1367,13.4835
1367,13.4835
1367,13.4835
1367,13.4835
1367,13.4835
1367,13.4835
1367,13.4835
1367,13.4835
1367,13.4835
1367,13.4835
1367,13.4835
1367,13.4835
1367,13.4835
1367,13.4835
1367,13.4835
1367,13.4835
1367,13.4835
1367,13.4835
1367,13.4835
1367,13.4835
1367,13.4835
1367,13.4835
1367,13.4835
1367,13.4835
1367,13.4835
1367,13.4835
1367,13.4835
1367,13.4835
1366,13.4934
1366,13.4934
1366,13.4934
1365,13.5033
1365,13.5033
1365,13.5033
1364,13.5132
1363,13.5231
1363,13.5231
1363,13.5231
1363,13.5231
1362,13.533
1362,13.533
1362,13.533
832,13.5385
832,13.5385
832,13.5385
832,13.5385
832,13.5385
832,13.5385
832,13.5385
832,13.5385
832,13.5385
1361,13.543
741,13.8192
741,13.8192
741,13.8192
741,13.8192
741,13.8192
741,13.8192
741,13.8192
590,13.8847
1246,13.9711
1370,14.2015
1370,14.2015
1370,14.2015
1370,14.2015
1369,14.2118
1369,14.2118
1368,14.2222
1368,14.2222
1367,14.2326
1367,14.2326
1367,14.2326
1367,14.2326
1367,14.2326
1367,14.2326
1367,14.2326
1367,14.2326
1367,14.2326
1367,14.2326
1367,14.2326
1367,14.2326
1367,14.2326
1367,14.2326
1367,14.2326
1367,14.2326
1365,14.2535
1365,14.2535
1365,14.2535
1365,14.2535
1363,14.2744
1361,14.2954
1361,14.2954
1360,14.3059
710,14.4225
710,14.4225
710,14.4225
710,14.4225
710,14.4225
710,14.4225
832,14.7692
832,14.7692
832,14.7692
832,14.7692
832,14.7692
832,14.7692
832,14.7692
832,14.7692
1106,14.8137
16016,14.8332
1368,14.9708
1367,14.9817
1367,14.9817
1367,14.9817
1367,14.9817
1367,14.9817
1367,14.9817
1367,14.9817
1367,14.9817
1367,14.9817
1367,14.9817
1024,15
1360,15.0588
744,15.1398
1309,15.6455
1369,15.7078
1368,15.7193
1367,15.7308
1367,15.7308
1361,15.8001
1361,15.8001
1361,15.8001
1358,15.8351
710,15.8648
710,15.8648
710,15.8648
710,15.8648
16016,15.9201
832,16
832,16
832,16
832,16
832,16
832,16
832,16
48128,16.383
933,16.463
1367,16.4799
1367,16.4799
1365,16.504
1362,16.5404
1362,16.5404
1358,16.5891
10798551,16.7081
733,16.764
1309,17.2101
1367,17.229
832,17.2308
832,17.2308
832,17.2308
832,17.2308
832,17.2308
832,17.2308
832,17.2308
832,17.2308
16016,17.2627
1304,17.2761
1361,17.3049
1358,17.3432
470,17.4298
527,17.4877
1340,17.5761
1340,17.5761
10118,17.6098
633,17.7946
402,17.8308
685,17.9387
1024,18
1362,18.0441
785,18.2624
832,18.4615
832,18.4615
832,18.4615
832,18.4615
832,18.4615
832,18.4615
832,18.4615
832,18.4615
832,18.4615
1367,18.7271
710,18.7493
710,18.7493
1361,18.8097
1361,18.8097
13172,18.8132
1304,18.8466
13913,18.9153
18543,18.9967
1367,19.4762
1363,19.5334
785,19.5669
832,19.6923
832,19.6923
832,19.6923
832,19.6923
832,19.6923
832,19.6923
10921,19.7843
13013,19.9087
13117,20.0631
710,20.1915
710,20.1915
710,20.1915
1365,20.2549
403,20.3275
10604,20.3757
1246,20.5457
832,20.9231
832,20.9231
832,20.9231
832,20.9231
832,20.9231
832,20.9231
832,20.9231
1370,20.9285
1367,20.9744
1361,21.0669
1361,21.0669
1361,21.0669
1360,21.0824
1359,21.0979
1359,21.0979
710,21.6338
1361,21.8193
1361,21.8193
832,22.1538
832,22.1538
832,22.1538
832,22.1538
832,22.1538
832,22.1538
832,22.1538
832,22.1538
832,22.1538
832,22.1538
1358,22.6215
10629,22.7363
270,22.7556
17697,22.798
403,22.8685
403,22.8685
13013,23.135
10637,23.2005
1367,23.2217
832,23.3846
832,23.3846
832,23.3846
832,23.3846
832,23.3846
832,23.3846
832,23.3846
832,23.3846
832,23.3846
832,23.3846
832,23.3846
11329,23.4104
1024,24
1024,24
336,24.381
14292,24.5038
710,24.5183
832,24.6154
832,24.6154
16812,24.7899
10115,25.6127
710,25.9606
1367,26.218
10118,26.5159
832,27.0769
832,27.0769
1358,27.1458
710,27.4028
336,27.4286
336,27.4286
1361,27.8384
832,28.3077
325,28.3569
325,28.3569
325,28.3569
322,28.6211
1358,28.6539
710,28.8451
8852,29.0357
843,29.153
1367,29.2143
1024,30
710,30.2873
710,30.2873
843,30.3677
265,30.9132
1024,31
231,31.0303
230,31.1652
9834,31.3427
325,31.5077
325,31.5077
710,31.7296
741,31.7841
800,32
832,32
832,32
799,32.0401
799,32.0401
5234,32.6725
843,32.7972
843,32.7972
7769,32.8197
218,32.8807
278,33.1511
710,33.1718
832,33.2308
800,33.28
799,33.3217
799,33.3217
799,33.3217
245,33.4367
9470,34.0612
239,34.2762
238,34.4202
801,34.5169
800,34.56
800,34.56
237,34.5654
799,34.6033
799,34.6033
799,34.6033
799,34.6033
799,34.6033
799,34.6033
231,35.4632
799,35.8849
799,35.8849
799,35.8849
256,36
832,36.9231
5035,37.0145
221,37.0679
219,37.4064
245,37.6163
7575,38.3916
800,38.4
453,38.4283
6362,38.6294
238,38.7227
633,38.8246
843,38.8707
6631,38.9154
311,39.5113
233,39.5536
233,39.5536
233,39.5536
8192,39.75
7769,40.2008
710,40.3831
202,40.5545
4092,40.7898
4100,40.96
799,41.0113
6362,41.2047
843,41.3001
198,41.3737
4100,41.4595
6498,41.9181
4100,41.959
4100,41.959
195,42.0103
4100,42.2088
4100,42.2088
1307,42.3076
7332,42.3175
193,42.4456
4100,42.4585
4100,42.7083
239,42.8452
239,42.8452
239,42.8452
167,42.9222
4100,42.958
3925,43.0471
4100,43.2078
5304,43.2459
188,43.5745
4100,43.7073
4100,43.7073
5035,43.7259
233,43.9485
256,44
7769,44.155
4100,44.4566
4100,44.4566
6362,44.7457
4100,44.9561
1024,45
3815,45.0936
181,45.2597
4100,45.4556
673,45.6464
4100,45.7054
179,45.7654
173052,45.8768
710,46.1521
4100,46.2049
4100,46.2049
6056,46.3303
4100,46.4546
4100,46.7044
4100,46.7044
4100,46.9541
239,47.1297
173,47.3526
3781,47.3949
4100,47.7034
4100,47.7034
13684,47.7428
4100,47.9532
4100,48.2029
233,48.3433
233,48.3433
233,48.3433
233,48.3433
233,48.3433
233,48.3433
233,48.3433
233,48.3433
233,48.3433
233,48.3433
233,48.3433
233,48.3433
4100,48.4527
4100,48.7024
4100,48.7024
4100,48.7024
6387,48.8993
4100,49.202
4100,49.202
4100,49.202
166,49.3494
311,49.3891
4100,49.4517
4100,49.9512
205,49.9512
3815,50.1934
4100,50.201
163,50.2577
4100,50.4507
4100,50.4507
418441,50.544
161,50.882
4100,50.9502
4100,51.2
4100,51.4498
8192,52
4100,52.199
4100,52.199
4100,52.199
5388,52.4543
233,52.7382
233,52.7382
233,52.7382
233,52.7382
233,52.7382
233,52.7382
233,52.7382
233,52.7382
233,52.7382
233,52.7382
233,52.7382
233,52.7382
4100,52.9483
210,53.6381
4100,53.6976
799,53.8273
3708,53.8511
4100,53.9473
4100,53.9473
4100,53.9473
4100,54.1971
4100,54.1971
4100,54.4468
337,54.6944
5388,54.735
4100,55.1961
4100,55.1961
8192,55.625
4100,55.6956
349,55.7479
349,55.7479
4100,55.9454
366,55.9563
329,56.0243
347,56.0692
127,56.4409
127,56.4409
127,56.4409
127,56.4409
144,56.8889
233,57.133
233,57.133
142,57.6901
142,57.6901
248,57.8065
843,58.306
4100,58.4429
5859,58.5492
349,58.6819
349,58.6819
4100,58.6927
383,58.8198
4100,59.1922
310,59.4581
5388,59.4863
4100,59.6917
239,59.9833
307,60.0391
1361,60.191
4100,60.441
4100,60.9405
168,60.9524
319,60.9906
167,61.3174
167,61.3174
4100,61.44
383,61.4935
233,61.5279
233,61.5279
3840,61.6
349,61.616
349,61.616
349,61.616
349,61.616
349,61.616
349,61.616
4100,61.9395
4100,62.1893
311,62.5595
4265,62.9046
307,63.3746
2791,63.4726
322,63.6025
322,63.6025
383,64.1671
127,64.5039
127,64.5039
349,64.5501
349,64.5501
349,64.5501
349,64.5501
349,64.5501
4100,64.6868
4100,64.6868
4100,64.9366
311,65.8521
233,65.9227
1107684,66.1306
6214,66.41
3492,66.5659
20936,66.5678
323,66.5759
4400,66.7927
383,66.8407
321,66.9907
321,66.9907
321,66.9907
4100,67.1844
349,67.4842
349,67.4842
349,67.4842
349,67.4842
349,67.4842
349,67.4842
349,67.4842
349,67.4842
166,67.8554
4100,68.4332
299,68.495
3415,68.6665
119,68.8403
119,68.8403
2419,69.0004
163,69.1043
163,69.1043
383,69.5144
147,69.6599
4100,69.9317
321,70.1807
321,70.1807
4100,70.1815
160,70.4
349,70.4183
349,70.4183
349,70.4183
349,70.4183
349,70.4183
349,70.4183
349,70.4183
4100,70.4312
4100,70.4312
4100,70.4312
4100,70.4312
4100,70.681
23411,70.8153
299,71.9197
299,71.9197
4100,72.1795
4100,72.1795
127,72.5669
4100,72.679
324,72.6914
168,73.1429
4100,73.1785
349,73.3524
349,73.3524
349,73.3524
349,73.3524
349,73.3524
349,73.3524
349,73.3524
349,73.3524
4100,73.678
263,73.9772
4100,74.1776
124,74.3226
248,74.3226
110,74.4727
4100,74.6771
4100,74.6771
383,74.8616
328,74.9268
164,74.9268
84247,75.2864
204,75.2941
3430,75.5312
4100,75.6761
324,75.8519
4100,75.9259
349,76.2865
349,76.2865
349,76.2865
349,76.2865
349,76.2865
349,76.2865
349,76.2865
161,76.323
4147,76.5469
147,76.6259
147,76.6259
93,77.0753
93,77.0753
93,77.0753
3587,77.0783
159,77.283
383,77.5352
4100,77.6741
92,77.913
3778,78.0603
4100,78.4234
349,79.2206
349,79.2206
349,79.2206
349,79.2206
349,79.2206
349,79.2206
349,79.2206
142,79.3239
4100,79.4224
322,79.5031
4100,79.6722
334,79.7126
321,79.7508
4222,79.7954
4100,80.4215
331,80.435
3751,80.5332
4100,81.1707
239,81.4059
3248,81.9704
2209,82.0498
349,82.1547
349,82.1547
349,82.1547
349,82.1547
349,82.1547
349,82.1547
349,82.1547
233,83.5021
45816,83.8806
183,83.9344
2063,84.382
315,84.5206
1367,84.6467
205,84.9171
349,85.0888
349,85.0888
349,85.0888
349,85.0888
349,85.0888
349,85.0888
4100,85.1668
168,85.3333
3815,85.3557
2120,85.4943
3248,85.7537
320,86.4
2918,86.6785
106,86.9434
106,86.9434
349,88.0229
349,88.0229
349,88.0229
93,88.086
93,88.086
93,88.086
93,88.086
93,88.086
93,88.086
93,88.086
174,88.2759
4100,88.4137
92,89.0435
92,89.0435
92,89.0435
92,89.0435
92,89.0435
92,89.0435
92,89.0435
161,89.0435
3248,89.2217
80,89.6
91,90.022
91,90.022
91,90.022
91,90.022
327,90.8135
124,90.8387
349,90.957
349,90.957
349,90.957
349,90.957
102372,91.2349
4100,91.4107
134,91.7015
2063,91.8274
4100,92.9093
383,93.577
153,93.6993
349,93.8911
1876,94.4307
2918,95.1008
183,95.1257
32,96
32,96
32,96
233,96.6867
127,96.7559
9662,96.7617
349,96.8252
349,96.8252
349,96.8252
349,96.8252
1689,97.6104
1691,98.1005
125,98.304
4100,98.6537
1833,98.8805
319,99.511
1737,99.6292
113,99.6814
349,99.7593
349,99.7593
349,99.7593
349,99.7593
349,99.7593
349,99.7593
349,99.7593
349,99.7593
349,99.7593
349,99.7593
349,99.7593
349,99.7593
349,99.7593
183,100.721
2918,101.066
2011,101.84
110,102.4
349,102.693
349,102.693
349,102.693
349,102.693
349,102.693
349,102.693
349,102.693
349,102.693
349,102.693
349,102.693
349,102.693
349,102.693
349,102.693
349,102.693
843,103.25
2120,103.366
2011,103.367
267,103.551
138,103.884
138,103.884
349,105.628
349,105.628
349,105.628
349,105.628
349,105.628
349,105.628
349,105.628
349,105.628
349,105.628
349,105.628
349,105.628
349,105.628
349,105.628
349,105.628
1857,106.425
1737,106.704
86,107.163
86,107.163
124,107.355
1737,107.883
2010,108.004
349,108.562
349,108.562
349,108.562
349,108.562
349,108.562
349,108.562
349,108.562
349,108.562
349,108.562
311,108.656
1636,108.91
263,109.019
2306,109.683
1737,110.241
92,111.304
1765,111.393
349,111.496
349,111.496
349,111.496
349,111.496
349,111.496
349,111.496
156,111.59
1857,111.94
1367,112.363
1833,113.405
77824,113.474
179,114.413
1636,114.543
303,114.904
1689,115.192
320,115.2
124,115.613
502526,116.041
1551,116.199
166439,116.631
349,117.364
349,117.364
349,117.364
113,117.805
3183,118.389
1445,119.053
1367,119.854
3057,120.254
4100,121.381
1551,121.48
1977,122.756
50,122.88
50,122.88
349,123.232
349,123.232
1649,123.576
174,123.586
124,123.871
57,125.754
57,125.754
57,125.754
57,125.754
57,125.754
57,125.754
349,126.166
349,126.166
349,126.166
349,126.166
105,126.781
233,127.451
32,128
32,128
32,128
32,128
32,128
32,128
2510,128.918
349,129.1
349,129.1
1545,130.568
86,130.977
1259,131.762
349,132.034
349,132.034
349,132.034
349,132.034
1636,133.946
2120,134.279
349,134.968
349,134.968
1509,135.04
1815,135.405
87939,135.646
113,135.929
1857,136.202
1064,136.662
337,136.736
2010,137.043
1691,138.067
1691,139.279
132,139.636
2515,139.655
80,140.8
57,143.719
57,143.719
57,143.719
57,143.719
57,143.719
57,143.719
57,143.719
57,143.719
349,143.771
1509,145.898
105,146.286
1737,147.381
107511,148.279
349,149.639
349,149.639
2010,150.289
2063,151.888
2229,152.52
147,153.252
1545,155.091
92,155.826
144,156.444
124,156.903
1551,157.132
52,157.538
331,157.776
13258,157.871
14058,158.794
1259,159.415
32,160
32,160
51,160.627
57,161.684
57,161.684
57,161.684
8637,164.205
124,165.161
20358,166.844
49,167.184
1064,167.459
20168,170.396
501495,171.599
124,173.419
47,174.298
1689,174.607
35,175.543
145,176.552
75,177.493
40,179.2
40,179.2
40,179.2
40,179.2
40,179.2
40,179.2
40,179.2
40,179.2
40,179.2
40,179.2
47655,182.238
50,184.32
61,184.656
44,186.182
49,188.082
1765,189.716
3133,191.53
32,192
47,196.085
1769,198.548
51,200.784
2011,203.171
866,203.381
30,204.8
40,204.8
40,204.8
45,204.8
45,204.8
40,204.8
45,204.8
40,204.8
40,204.8
40,204.8
45,204.8
40,204.8
40,204.8
40,204.8
40,204.8
40,204.8
55,204.8
45,204.8
40,204.8
40,204.8
40,204.8
40,204.8
40,204.8
45,204.8
40,204.8
40,204.8
40,204.8
45,204.8
40,204.8
40,204.8
30,204.8
40,204.8
45,204.8
16001,205.235
77824,206.303
124,206.452
1295,207.963
3629,211.911
768,213.333
35131,213.655
43,214.326
43,214.326
43,214.326
43,214.326
43,214.326
856,216.523
63529,216.586
33,217.212
47,217.872
2139,218.3
42,219.429
42,219.429
101865,220.351
51,220.863
1525,222.93
1649,224.175
80555,224.656
747,224.814
50,225.28
45,227.556
747,227.556
54,227.556
45,227.556
45,227.556
45,227.556
45,227.556
45,227.556
45,227.556
40,230.4
744,231.226
19204,231.525
779,232.668
874,234.325
864,235.852
39,236.308
39,236.308
43,238.14
43,238.14
43,238.14
43,238.14
43,238.14
43,238.14
43,238.14
43,238.14
30,238.933
30,238.933
30,238.933
30,238.933
30,238.933
30,238.933
30,238.933
30,238.933
30,238.933
30,238.933
30,238.933
30,238.933
30,238.933
30,238.933
30,238.933
30,238.933
30,238.933
30,238.933
30,238.933
30,238.933
30,238.933
30,238.933
30,238.933
30,238.933
744,239.484
858,239.888
858,242.275
3320,243.354
42,243.81
42,243.81
42,243.81
42,243.81
42,243.81
42,243.81
866,245.949
866,247.132
1155,247.356
856,248.822
37,249.081
1064,249.263
866,249.497
41,249.756
41,249.756
1348,249.923
45,250.311
45,250.311
748,250.524
648,251.259
858,251.823
19536,251.964
856,252.411
738,252.531
678,259.776
866,260.139
3254,260.563
43,261.953
43,261.953
684,261.988
39,262.564
39,262.564
39,262.564
39,262.564
39,262.564
35,263.314
35,263.314
672,263.619
31,264.258
31,264.258
631,264.52
57,269.474
38,269.474
38,269.474
38,269.474
30,273.067
30,273.067
30,273.067
30,273.067
30,273.067
30,273.067
30,273.067
30,273.067
30,273.067
30,273.067
30,273.067
30,273.067
30,273.067
30,273.067
30,273.067
30,273.067
30,273.067
30,273.067
30,273.067
30,273.067
30,273.067
30,273.067
30,273.067
30,273.067
30,273.067
30,273.067
30,273.067
30,273.067
30,273.067
30,273.067
30,273.067
30,273.067
30,273.067
445127,276.15
37,276.757
631,277.502
4100,278.978
44,279.273
33,279.273
28019,280.02
689,280.894
648,281.284
768,281.333
40,281.6
29,282.483
29,282.483
29842,283.365
36,284.444
36,284.444
684,284.444
636,286.591
50,286.72
50,286.72
539,286.872
32,288
32,288
32,288
32,288
32,288
32,288
32,288
32,288
32,288
39,288.821
39,288.821
39,288.821
689,291.298
35,292.571
636,296.252
38,296.421
738,296.932
31,297.29
31,297.29
31,297.29
31,297.29
31,297.29
31,297.29
31,297.29
31,297.29
31,297.29
31,297.29
31,297.29
31,297.29
31,297.29
31,297.29
31,297.29
31,297.29
31,297.29
31,297.29
31,297.29
31,297.29
31,297.29
31,297.29
31,297.29
31,297.29
31,297.29
31,297.29
31,297.29
31,297.29
31,297.29
31,297.29
158,298.127
864,298.667
1259,299.311
34,301.176
34,301.176
34,301.176
34,301.176
508553,301.182
687,302.579
689,303.187
27,303.407
663,304.265
37,304.432
37,304.432
672,304.762
29628,306.806
30,307.2
30,307.2
30,307.2
349,308.08
23927,308.18
832,308.923
33,310.303
33,310.303
832,311.385
15916,312.103
738,313.583
779,314.167
779,314.167
39,315.077
893,315.342
23188,315.396
829,316.217
31258,317.179
29,317.793
29,317.793
29,317.793
29,317.793
29,317.793
29,317.793
29,317.793
29,317.793
29,317.793
874,318.682
832,318.769
32,320
32,320
32,320
32,320
32,320
32,320
32,320
32,320
32,320
32,320
32,320
32,320
32,320
32,320
32,320
32,320
32,320
32,320
32,320
663,321.255
35,321.829
687,321.956
678,323.209
648,323.951
684,326.363
473,326.901
210208,327.278
1106,327.754
640,328
3840,328.8
28,329.143
832,329.846
31,330.323
31,330.323
31,330.323
31,330.323
31,330.323
31,330.323
31,330.323
31,330.323
31,330.323
31,330.323
31,330.323
31,330.323
31,330.323
31,330.323
31,330.323
31,330.323
31,330.323
31,330.323
31,330.323
31,330.323
31,330.323
31,330.323
31,330.323
31,330.323
31,330.323
31,330.323
31,330.323
31,330.323
31,330.323
539,330.568
34,331.294
687,333.881
643,336.025
678,336.802
866,340.545
30,341.333
21,341.333
30,341.333
768,348
633,349.422
539,351.466
815,351.804
32,352
32,352
832,352
441,352.943
789,353.014
29,353.103
29,353.103
29,353.103
29,353.103
29,353.103
29,353.103
29,353.103
29,353.103
832,353.231
748,354.567
832,355.692
23,356.174
23,356.174
424,357.434
633,357.51
832,359.385
420,360.838
424,362.264
432,362.667
415,362.718
31,363.355
31,363.355
4100,364.644
28,365.714
28,365.714
832,366.769
415,370.12
422,371.261
642,371.639
832,371.692
640,372.8
832,375.385
30,375.467
38,377.263
643,377.431
488,377.705
451,379.175
432,379.259
639,379.793
633,380.158
24,384
24,384
24,384
21,390.095
21,390.095
21,390.095
748,390.16
8192,394
31,396.387
473,400.507
23,400.696
23,400.696
23,400.696
23,400.696
23,400.696
673,403.21
33,403.394
643,407.689
25,409.6
30,409.6
422,410.085
729,410.162
902,412.098
38825,416.115
438,420.822
51,421.647
29,423.724
1012,425.992
12,426.667
441,427.247
420,429.105
240695,429.719
432,433.778
484,435.835
424,437.132
7,438.857
21,438.857
424,439.547
422,441.63
832,441.846
30,443.733
30,443.733
30,443.733
23,445.217
23,445.217
23,445.217
23,445.217
23,445.217
1870,445.741
38825,447.764
16,448
463,448.968
673,450.377
438,451.215
633,451.336
747,453.74
422,453.763
415,454.014
424,454.038
9,455.111
9,455.111
9,455.111
9,455.111
9,455.111
9,455.111
9,455.111
9,455.111
488,457.443
473,458.96
631,459.258
20,460.8
31,462.452
766,462.538
571,464.476
832,467.692
54462,469.094
24,469.333
636,471.748
864,475.259
28,475.429
663,475.704
30,477.867
383,478.58
526,478.905
24767,481.425
1050,482.743
33900,488.197
545,488.514
832,489.846
432,490.667
8201,492.459
639,496.776
451,497.242
438,497.973
662,501.172
784,501.551
642,504.025
545,507.303
24105,508.835
432,509.63
438,512
20,512
30,512
16,512
18,512
18,512
16,512
13013,515.187
6274,521.303
336,527.238
424,528.906
420,529.067
26226,537.77
18938,538.765
422,541.118
17,542.118
17,542.118
35477,542.697
30,546.133
30,546.133
32989,547.961
493,548.349
422,550.825
441,554.957
524,560.855
639,564.081
18,568.889
9,568.889
456,570.386
526,572.35
1545,573.97
28797,576.131
30,580.267
7,585.143
7,585.143
7,585.143
7,585.143
7,585.143
7,585.143
7,585.143
7,585.143
7,585.143
7,585.143
7,585.143
7,585.143
7,585.143
7,585.143
562,586.705
802,587.332
428,590.953
488,591.738
48054,597.6
8192,599.625
480,605.867
432,611.556
10,614.4
10,614.4
30,614.4
1404,627.966
451,631.202
16,640
16,640
722,641.064
4717,643.663
11,651.636
11,651.636
11,651.636
11,651.636
11,651.636
31,660.645
484,670.678
12636,679.101
263,685.262
463,701.097
4340,702.171
16,704
263,712.517
428,712.972
403,716.546
10,716.8
10,716.8
10,716.8
10,716.8
10,716.8
432,725.333
10008,727.789
522,729.747
7,731.429
7,731.429
21,731.429
7,731.429
751,734.935
40,742.4
11,744.727
11,744.727
11,744.727
11,744.727
438,750.466
35156,752.796
14674,754.148
191,755.937
264,756.364
356,762.247
24431,763.547
12,768
352,770.909
19143,774.299
596,776.591
10118,778.475
538,786.082
192,789.333
352,794.182
8029,796.345
496,798.968
434,799.853
32,800
694,802.674
847,806.385
340,807.153
463,809.469
517,814.05
383,815.457
681,816.493
433,839.538
5035,843.605
202,846.574
526,848.791
832,851.692
22,884.364
31,891.871
31,891.871
189,899.386
189,904.804
3245,906.295
396,912.808
336,914.286
383,914.381
190,916.211
11293,917.637
10,921.6
10,921.6
10,921.6
10,921.6
10,921.6
10,921.6
10,921.6
10,921.6
10,921.6
10,921.6
10,921.6
10,921.6
32,928
236,928.542
24033,928.899
202,932.752
526,938.342
12,938.667
449,948.739
3306,951.521
832,955.077
407,963.617
187,963.765
402,965.413
263,973.384
192,981.333
283,987.816
184,990.609
6078,993.843
243,994.502
83119,994.975
344,997.209
464,997.517
190,1002.44
238,1006.79
185,1007.39
6910,1011.4
189,1013.16
10,1024
190,1034.78
336,1039.24
190,1040.17
238,1041.21
184,1046.26
415,1048.67
240,1049.6
238,1054.12
238,1058.42
236,1058.71
1310,1060.74
191,1061.53
240,1062.4
1737,1072.34
374,1076.02
356,1078.65
643,1081.33
264,1093.82
190,1099.45
92593,1103.27
202,1105.11
349,1112.02
342,1113.82
225,1115.02
8411,1115.19
237,1119.05
374,1122.57
192,1125.33
356,1133.3
430,1135.93
244,1141.51
189,1143.2
187,1144.47
188,1149.28
235,1159.08
240,1160.53
349,1164.84
244,1179.28
242,1184.79
355,1185.53
436,1186.06
240,1186.13
6910,1199.16
185,1206.66
8571,1215.28
33000,1217.35
237,1218.43
367,1222.1
4100,1224.3
330,1228.8
235,1237.51
237,1240.03
240,1241.6
299,1243.18
5806,1247.11
237,1248.68
10203,1253.73
338,1266.37
391,1267.56
238,1273.55
344,1274.05
4,1280
4,1280
4,1280
12,1280
390,1283.94
189,1284.06
189,1289.48
237,1300.52
14306,1300.72
11,1303.27
11,1303.27
5743,1305.01
16298,1305.1
225,1306.17
191,1313.51
581,1321.86
240,1335.47
200,1336.32
120,1339.73
189,1343.66
189,1354.5
3,1365.33
3,1365.33
765,1370.69
8062,1372.91
196292,1376.6
344,1390.14
11673,1409.72
31374,1411.32
120,1442.13
200,1443.84
4100,1448.09
188,1459.74
200,1464.32
30,1467.73
9,1479.11
5972,1495.19
52088,1499.12
5400,1513.81
5912,1514
120,1518.93
4,1536
4,1536
120,1536
200,1536
4,1536
4051,1539.67
4262,1543.21
409,1547.27
420,1550.63
112,1563.43
187,1566.12
184,1574.96
11,1582.55
4244,1610.8
160,1619.2
120,1621.33
7453,1622.76
394,1634.76
104,1644.31
11855,1650.49
235,1660.19
120,1664
3,1706.67
3,1706.67
3,1706.67
120,1715.2
417,1716.49
1765,1741.67
14562,1771.64
160,1785.6
120,1792
4,1792
4,1792
33,1830.79
112,1837.71
10,1843.2
403,1867.59
7,1901.71
7,1901.71
4100,1916.63
8900,1944.68
120,1945.6
1649,1956.09
160,1958.4
5330,1964.04
832,1968
120,1979.73
120,2022.4
3583,2028.28
3,2048
2,2048
2,2048
120,2073.6
14288,2092
120,2150.4
112,2176
344,2178.98
2582,2205.05
120,2210.13
12924,2247.82
7079,2298.11
112,2304
6909,2306.33
160,2316.8
2582,2345.44
104,2363.08
120,2363.73
120,2372.27
144,2396.44
112,2413.71
112,2413.71
12169,2427.51
240,2432
7756,2445.53
4519,2447.49
9006,2465.29
7515,2510.47
13563,2522.97
2,2560
104,2579.69
112,2605.71
348,2612.97
4824,2652.98
3090,2656.1
902,2699.64
120,2730.67
10278,2737.54
2716,2757.94
3679,2775.57
5061,2787.12
4,2816
4123,2828.11
104,2904.62
16037,2907.39
120,2935.47
36158,2960.14
104,2973.54
6959,2977.97
112,2989.71
3851,3057.11
4,3072
111,3118.13
8192,3141.88
1765,3161.93
15587,3166.67
1509,3170.4
833,3191.24
5853,3248.18
2006,3279.25
103,3310.6
10389,3398.45
3540,3469.16
832,3472
2,3584
2,3584
185,3603.37
551,3605.37
120,3618.13
2649,3702.09
71839,3807.88
6150,3823.6
832,3832.62
4,3840
2226,3851.73
4263,3908.16
1843,4006.55
2995,4021.81
1310,4024.09
7828,4026.41
3435,4046.51
704,4052.36
4,4096
2,4096
3600,4132.69
1246,4173.25
428,4325.68
8192,4369.38
3087,4379.95
13452,4498.54
103,4523.5
1814,4609.13
684,4612.49
2323,4694.18
3726,4715.73
566,4763.59
832,4910.77
445,4961.22
832,5012.92
11158,5033.83
832,5040
2,5120
4,5120
1615,5169.46
352,5184
1118,5239.99
900,5296.36
2226,5303.09
2072,5332.02
4,5376
7984,5376
2926,5384.57
104,5405.54
1038,5420.89
832,5486.77
7594,5531.95
854,5612.81
4,5632
4167,5667.26
8661,5700.51
1608,5760.64
794,5807.4
1256,5878.22
1670,5905.48
7391,5964.03
2537,5972.46
3387,6004.62
17028,6025.59
1,6144
4151,6178.29
41,6293.85
14808,6333.82
41,6418.73
6977,6434.01
2582,6479.52
654,6623.12
1633,6760.41
3893,6778.18
1021,6831.01
744,6858.32
602,6994.5
1037,7114.68
1,7168
1,7168
1,7168
2816,7238.91
5502,7459.08
1128,7460.31
1570,7553.47
66,7555.88
531,7623.11
714,7624.07
832,7792
402,7802.27
1952,7890.89
2271,8013.44
3930,8425.46
1120,8490.06
545,8556.51
2711,8584.45
438,8813.88
66,8874.67
41,8891.32
689,8985.64
684,8995.93
32,9024
521,9048.94
1000,9053.18
238,9138.55
1252,9141.57
1297,9234.16
8090,9337.26
2324,9455.26
2160,9461.1
702,9510.66
847,9689.92
348,9807.45
721,9985.78
1,10240
790,10313.9
832,10332.3
719,10365.3
832,10368
832,10859.1
376,11089.7
832,11239.4
980,11265
2280,11394.2
468,11629.4
874,11718.6
2,11776
312,11799
1108,11845.3
832,11995.1
1897,12096.4
640,12312
289,12351.8
703,12470.1
336,12693.3
240,12817.1
2410,12828.9
832,12865.2
672,13045.3
341,13185.9
670,13325.8
41,13386.9
832,13488
633,13711.6
373,13965.4
418,14017.5
454,14331.5
996,14375.1
628,14955.6
347,14997
557,15198.2
507,15578.1
413,15761.7
312,16226.5
606,16270.8
189,16394.8
648,16396.6
527,16580.3
2067,16599.5
445,16864.9
518,17000.8
488,17103.7
16,17152
325,17159.1
579,17333.7
550,18163.9
1807,18223.5
112,18258.3
16,18432
832,18662.2
404,18812.2
2,18944
361,19342.5
371,19420.1
2416,19492.9
1833,19599
667,19631
2552,19818.7
573,20085.1
237,20151.6
800,20166.4
832,20179.7
832,20203.1
212,20296.5
642,20344.4
225,20407.2
1,20480
689,20765.4
716,20780.3
489,21357.4
798,21487.3
168,21674.7
832,21932.3
685,21962.9
794,22076.6
455,22656.3
210,22698.7
239,22737.9
240,22963.2
339,23083.8
861,23242.8
1592,23559.7
359,23586.2
529,23615.9
508,23812
411,24207.3
240,24217.6
331,24421.3
556,24469.2
832,24637.5
16,24704
988,24894.2
1129,25076.7
376,25564.6
354,26048.4
112,26066.3
353,26563.1
1209,26757
1803,26928.4
620,26974.1
190,27157.6
317,28778.6
387,28854.6
127,29123.5
593,29367.9
239,30103
685,30125
352,30466.9
1162,30468.8
183,30574.5
479,30914.5
312,31225.4
452,31413.2
761,31769.6
832,31848.6
489,31926.2
375,32333.8
340,33358.3
611,33538.9
238,33602.7
289,33926.6
1031,34005.5
264,35490.9
481,36908.7
243,37150.6
228,37411.9
1026,37569.6
388,37674.2
417,37691.5
497,37805.6
289,37948.2
347,38168.3
240,39530.7
104,40832
238,40891.2
453,41041.4
420,43349.3
264,43574.3
403,45554
886,46552.7
102,47867
285,48584.3
326,48668.3
573,50097.4
832,50375.4
448,50420.6
365,51390.8
855,51444.3
832,52242.5
41,52423.8
832,54064
223,54350.1
167,54646
364,55251
240,55449.6
188,56559.7
2237,56853.3
420,58689.8
312,58948.9
336,60589.7
949,63087.7
104,64196.9
270,64421
144,64647.1
315,65406
2222,65924
327,66325.1
68,69466.4
459,70618.1
593,74385.9
312,74617.4
120,75869.9
155,76278.1
547,80267
550,80575.8
113,81340
626,81816.9
950,89056.7
125,90169.3
239,90270.5
105,90726.4
1305,93992.2
629,94457.1
156,94720
41,97429.9
104,100470
461,100503
66,103533
1874,103822
144,106972
50,117678
374,120024
144,122681
16,131264
76,150541
95,154020
41,156922
1201,165545
506,171801
16,184320
604,187726
785,197826
96,197941
66,220300
2584,228204
16,241728
106,245374
33,253859
211,257461
555,295561
280,311570
111,311711
41,312345
41,360148
23,419885
41,449561
233,456155
41,486200
95,497276
16,566592
76,585364
16,599104
43,644668
66,649247
41,650939
16,684864
132,691440
16,726784
16,737344
16,993536

